[Metadata]
Title: Brain Power
Artist: Noma
Creator: Crogo
Version: Extreme
Length: 118
Scroll Speed: 0.65
BPM: 170
Audio Lead In: 2115
Image Path: song_folder/Brain Power-Extreme-Crogo/brain_power_img.png
Audio Path: song_folder/Brain Power-Extreme-Crogo/Brain Power [dTGEw_x8d10].wav

// Hit Object Ordering
// 3-key configuration (1-3), hold duration, time position,
[HitObjects]
2, 0, 2115
3, 0, 2115
1, 0, 2291
3, 0, 2291
2, 0, 2467
3, 0, 2467
2, 0, 2644
2, 0, 2820
1, 0, 2820
1, 0, 2997
3, 0, 2997
1, 0, 3173
2, 0, 3173
2, 0, 3350
2, 0, 3526
3, 0, 3526
1, 0, 3703
3, 0, 3703
2, 0, 3879
3, 0, 3879
2, 0, 4056
1, 0, 4232
2, 0, 4232
1, 0, 4409
3, 0, 4409
1, 0, 4585
2, 0, 4585
2, 0, 4762
1, 0, 4938
2, 0, 4938
2, 0, 5291
3, 0, 5291
2, 0, 5467
2, 0, 5644
2, 0, 5820
2, 0, 5997
3, 0, 5997
2, 0, 5115
1, 0, 5115
3, 0, 5467
1, 0, 5644
3, 0, 6173
1, 0, 6526
3, 0, 6526
2, 0, 6703
1, 0, 5820
2, 0, 6173
2, 0, 6350
1, 0, 6879
3, 0, 6879
2, 0, 7056
1, 0, 7232
3, 0, 7232
2, 0, 7409
1, 0, 7585
3, 0, 7585
2, 0, 7762
3, 0, 7762
1, 0, 7938
3, 0, 7938
2, 0, 8115
3, 0, 8115
2, 0, 8291
2, 0, 8467
1, 0, 8467
1, 0, 8644
3, 0, 8644
2, 0, 8820
1, 0, 8820
2, 0, 8997
2, 0, 9173
3, 0, 9173
3, 0, 9350
1, 0, 9350
2, 0, 9526
3, 0, 9526
2, 0, 9703
1, 0, 9879
2, 0, 9879
1, 0, 10056
3, 0, 10056
1, 0, 10232
2, 0, 10232
2, 0, 10409
1, 0, 10585
2, 0, 10585
1, 0, 10762
2, 0, 10762
2, 0, 10938
3, 0, 10938
2, 0, 11115
3, 0, 11115
2, 0, 11291
1, 0, 11291
1, 0, 11467
2, 0, 11467
2, 0, 11644
3, 0, 11644
2, 0, 11820
3, 0, 11820
2, 0, 11997
1, 0, 12173
3, 0, 12173
2, 0, 12350
1, 0, 12526
3, 0, 12526
3, 0, 12703
3, 0, 13232
3, 0, 12879
2, 0, 12967
1, 0, 13056
3, 0, 13409
2, 0, 13409
3, 0, 13585
1, 0, 13585
3, 0, 13762
2, 0, 13762
2, 0, 13938
1, 0, 14115
2, 0, 14115
1, 0, 14291
3, 0, 14291
1, 0, 14467
2, 0, 14467
2, 0, 14644
1, 0, 14820
2, 0, 14820
1, 0, 14997
2, 0, 14997
2, 0, 15173
3, 0, 15173
2, 0, 15350
3, 0, 15350
2, 0, 15526
1, 0, 15526
1, 0, 15703
2, 0, 15703
2, 0, 15879
3, 0, 15879
2, 0, 16056
3, 0, 16056
2, 0, 16232
1, 0, 16409
3, 0, 16409
2, 0, 16585
1, 0, 16762
3, 0, 16762
2, 0, 16938
1, 0, 17115
3, 0, 17115
2, 0, 17291
1, 0, 17467
3, 0, 17467
2, 0, 17644
3, 0, 17644
3, 0, 17820
1, 0, 17820
2, 0, 17997
3, 0, 17997
2, 0, 18173
1, 0, 18350
2, 0, 18350
1, 0, 18526
3, 0, 18526
2, 0, 18703
2, 0, 18879
1, 0, 18703
3, 0, 19056
3, 0, 19232
3, 0, 19409
3, 0, 19585
2, 0, 19762
2, 0, 19938
2, 0, 20115
2, 0, 20291
1, 0, 20467
1, 0, 20644
1, 0, 20820
1, 0, 20997
3, 0, 19762
3, 0, 19938
3, 0, 20291
3, 0, 20115
1, 0, 21173
2, 0, 21173
1, 0, 21350
2, 0, 21350
1, 0, 21526
2, 0, 21526
1, 0, 21703
2, 0, 21703
1, 0, 21879
2, 0, 21879
3, 0, 21879
1, 0, 22232
2, 0, 22232
3, 0, 22232
1, 0, 22585
2, 0, 22585
3, 0, 22585
1, 0, 22938
2, 0, 22938
3, 0, 22938
3, 0, 23291
2, 0, 23556
1, 0, 23820
3, 0, 24085
2, 0, 24350
1, 0, 24526
3, 0, 24703
2, 0, 24879
1, 0, 25056
2, 0, 25232
1, 0, 25409
3, 0, 25762
1, 0, 27526
2, 0, 27703
3, 0, 27879
2, 0, 28056
3, 0, 28232
1, 0, 28585
1, 0, 29997
1, 0, 30173
2, 0, 30350
2, 0, 30526
1, 0, 30703
1, 0, 32467
3, 0, 32820
1, 0, 33526
2, 0, 33173
3, 0, 35820
3, 0, 35997
2, 0, 36350
3, 0, 37232
3, 0, 37409
2, 0, 37762
3, 0, 38820
1, 0, 39350
1, 0, 39526
1, 0, 40938
2, 0, 41291
3, 0, 41644
1, 0, 44115
2, 0, 44467
1, 0, 44820
1, 0, 58585
2, 0, 58585
1, 0, 58762
2, 0, 58938
3, 0, 59115
1, 0, 59291
2, 0, 59467
3, 0, 59644
2, 0, 59820
3, 0, 59997
2, 0, 60173
3, 0, 60350
3, 0, 60526
2, 0, 60703
3, 0, 60879
3, 0, 61056
2, 0, 61232
1, 0, 61409
2, 0, 61585
1, 0, 61762
1, 0, 61938
1, 0, 62115
2, 0, 62291
2, 0, 62467
3, 0, 62644
3, 0, 62820
2, 0, 62997
3, 0, 63173
2, 0, 63350
1, 0, 63526
3, 0, 63703
2, 0, 63879
3, 0, 64056
2, 0, 64232
1, 0, 64409
1, 0, 64585
2, 0, 64762
1, 0, 64938
2, 0, 65115
3, 0, 65291
1, 0, 65467
2, 0, 65644
3, 0, 65820
3, 0, 65997
3, 0, 66173
2, 0, 66350
3, 0, 66526
2, 0, 66703
1, 0, 66879
2, 0, 67056
2, 0, 67232
1, 0, 67409
2, 0, 67585
1, 0, 67762
2, 0, 67938
3, 0, 68115
3, 0, 68291
2, 0, 68467
3, 0, 68644
2, 0, 68820
2, 0, 68997
3, 0, 69173
2, 0, 69350
1, 0, 69526
2, 0, 69703
2, 0, 69879
3, 0, 70056
2, 0, 70232
2, 0, 70409
3, 0, 70585
3, 0, 70762
3, 0, 70938
3, 0, 71291
3, 0, 72350
2, 0, 72703
2, 0, 71291
2, 0, 71644
1, 0, 71644
2, 0, 71997
3, 0, 71997
2, 0, 72350
1, 0, 72350
2, 0, 73056
2, 0, 73409
2, 0, 73762
2, 0, 74115
2, 0, 74467
2, 0, 74820
1, 0, 72650
1, 0, 72996
1, 0, 73343
1, 0, 73690
1, 0, 74037
1, 0, 74384
3, 0, 71290

// Laser Object Ordering
// start time, end time, start position, end position
[LaserObjects]
176, 2117, 1, 8
26115, 27350, 8, 1
28938, 30173, 1, 8
30879, 32115, 8, 1
33703, 34497, 1, 5
34497, 34541, 5, 1
34541, 34894, 1, 1
34894, 34982, 1, 4
34982, 35026, 4, 4
35026, 35115, 4, 1
35115, 35159, 1, 1
35159, 35247, 1, 4
35247, 35291, 4, 4
35291, 35467, 4, 1
35467, 35644, 1, 4
41820, 41909, 8, 6
41909, 41997, 6, 6
42173, 42262, 6, 4
42262, 42350, 4, 4
41997, 42173, 6, 6
42526, 42615, 4, 2
42615, 42703, 2, 2
42350, 42526, 4, 4
42879, 42967, 2, 1
42967, 43056, 1, 1
42703, 42879, 2, 2
43232, 43320, 1, 3
43320, 43409, 3, 3
43056, 43232, 1, 1
43409, 43585, 3, 3
43585, 43673, 3, 5
43673, 43762, 5, 5
43938, 44026, 5, 7
44026, 44115, 7, 7
43762, 43938, 5, 5
44291, 44379, 7, 8
44379, 44467, 8, 8
44115, 44291, 7, 7
47291, 47997, 8, 4
47997, 48350, 4, 4
48350, 48703, 4, 4
48703, 48762, 4, 4
48762, 48938, 4, 2
48938, 49115, 2, 4
49115, 49291, 4, 2
50115, 50820, 1, 4
50820, 50865, 4, 4
50865, 50909, 4, 1
50909, 51041, 1, 1
51041, 51085, 1, 4
51085, 51217, 4, 4
51217, 51262, 4, 1
51526, 52232, 1, 5
52232, 52938, 5, 1
53026, 53644, 1, 5
53644, 53703, 5, 5
53703, 53820, 5, 3
53820, 53938, 3, 3
53938, 54056, 3, 5
54056, 54173, 5, 5
54173, 54291, 5, 3
54291, 54350, 3, 3
54350, 55056, 3, 8
55056, 55409, 8, 6
55409, 55762, 6, 8
55762, 57173, 8, 1
57173, 58585, 1, 8

// Editor Breakpoint Ordering
// time, bpm, ramp
[Breakpoints]
0, 170.0, False
2115, 170.0, False
58585, 170.0, False
72650, 173.0, True
118000, 170.0, False
