[Metadata]
Title: Kyoufuu All Back
Artist: Yukopi
Creator: Corgo
Version: Easy
Length: 136
Scroll Speed: 0.40
BPM: 135
Audio Lead In: 445
Image Path: song_folder/Kyoufuu All Back-Easy-Corgo/Kyoufuu_All_Back.webp
Audio Path: song_folder/Kyoufuu All Back-Easy-Corgo/Yukopi_-_強風オールバック_(feat.歌愛ユキ)_320k.wav

// Hit Object Ordering
// 3-key configuration (1-3), hold duration, time position,
[HitObjects]
1, 0, 499
2, 0, 499
3, 0, 499
2, 0, 833
2, 0, 944
3, 0, 1166
2, 0, 1388
1, 0, 1611
2, 0, 1833
3, 0, 2277
3, 0, 2500
2, 0, 2722
2, 0, 2944
1, 0, 3166
1, 0, 3388
2, 0, 3388
3, 0, 3388
1, 0, 3611
2, 0, 3611
3, 0, 3611
3, 0, 4055
3, 0, 4500
2, 0, 4722
1, 0, 4944
1, 0, 5166
2, 0, 5388
3, 0, 5611
3, 0, 5833
2, 0, 6055
3, 0, 6277
2, 0, 6500
3, 0, 6722
1, 0, 7166
1, 0, 7611
1, 0, 8055
2, 0, 8277
3, 0, 8500
3, 0, 8722
2, 0, 8944
3, 0, 9388
2, 0, 9611
1, 0, 9833
2, 0, 10055
1, 0, 10277
1, 0, 10500
2, 0, 10500
3, 0, 10500
1, 0, 10722
2, 0, 10722
3, 0, 10722
3, 0, 11166
2, 0, 11611
3, 0, 11500
2, 0, 11944
1, 0, 12055
1, 0, 12277
2, 0, 12500
3, 0, 12722
2, 0, 12944
2, 0, 13388
3, 0, 13277
2, 0, 13611
1, 0, 13833
2, 0, 14277
1, 0, 14722
2, 0, 14722
2, 0, 18277
3, 0, 18277
1, 0, 21833
3, 0, 21833
1, 0, 25388
3, 0, 25388
2, 0, 25388
2, 0, 28944
3, 0, 29611
2, 0, 29833
1, 0, 30500
1, 0, 30722
2, 0, 30944
2, 0, 31166
3, 0, 31388
2, 0, 31611
3, 0, 33388
2, 0, 34055
3, 0, 34277
2, 0, 34500
3, 0, 34722
2, 0, 34944
1, 0, 35166
1, 0, 36055
1, 0, 36500
2, 0, 36722
3, 0, 36944
3, 0, 37833
2, 0, 38055
1, 0, 38277
2, 0, 38500
1, 0, 38722
1, 0, 40944
3, 0, 41388
3, 0, 41611
2, 0, 41833
2, 0, 42055
1, 0, 42277
1, 0, 43166
1, 0, 43833
2, 0, 44055
3, 0, 44722
2, 0, 44944
3, 0, 45166
1, 0, 45388
2, 0, 45611
1, 0, 45833
2, 0, 47611
3, 0, 48277
2, 0, 48500
2, 0, 48722
3, 0, 48944
3, 0, 49166
2, 0, 49388
2, 0, 50277
2, 0, 50722
1, 0, 50944
2, 0, 51166
2, 0, 51833
3, 0, 52055
3, 0, 52277
2, 0, 52500
3, 0, 52722
3, 0, 52944
3, 0, 53833
2, 0, 54055
3, 0, 54277
2, 0, 54500
3, 0, 54722
3, 0, 55166
2, 0, 54944
2, 0, 55388
1, 0, 55611
1, 0, 57388
2, 0, 57833
3, 0, 58166
2, 0, 58277
3, 0, 58500
2, 0, 58722
2, 0, 57722
2, 0, 59166
2, 0, 59388
1, 0, 59611
1, 0, 59833
2, 0, 60055
3, 0, 60277
2, 0, 60277
1, 0, 60277
1, 0, 60500
2, 0, 60500
3, 0, 60500
3, 0, 60944
1, 0, 61277
2, 0, 61388
3, 0, 61611
2, 0, 61833
2, 0, 62277
1, 0, 62500
2, 0, 62722
2, 0, 62944
1, 0, 63166
2, 0, 63388
1, 0, 63611
3, 0, 64055
2, 0, 64500
2, 0, 64944
2, 0, 65166
1, 0, 65388
2, 0, 65611
2, 0, 65833
3, 0, 66277
3, 0, 66500
2, 0, 66722
3, 0, 66944
3, 0, 67166
3, 0, 67388
2, 0, 67388
1, 0, 67388
1, 0, 67611
2, 0, 67611
3, 0, 67611
3, 0, 68055
3, 0, 68388
2, 0, 68500
2, 0, 68833
1, 0, 68944
2, 0, 69166
3, 0, 69388
1, 0, 69611
3, 0, 69833
3, 0, 70166
3, 0, 70277
2, 0, 70500
1, 0, 70722
1, 0, 71611
2, 0, 71611
2, 0, 73388
3, 0, 73388
1, 0, 75166
2, 0, 75166
2, 0, 75611
3, 0, 75611
2, 0, 76055
1, 0, 76055
2, 0, 76500
3, 0, 76500
1, 0, 76944
2, 0, 76944
2, 0, 77388
3, 0, 77388
2, 0, 77833
1, 0, 77833
3, 0, 77833
3, 0, 78277
2, 0, 78277
1, 0, 78277
1, 0, 82277
2, 0, 82277
3, 0, 85833
3, 0, 86166
2, 0, 86277
2, 0, 86500
1, 0, 86722
1, 0, 86944
2, 0, 87166
3, 0, 87611
3, 0, 87833
2, 0, 88055
3, 0, 88277
3, 0, 88500
3, 0, 88722
2, 0, 88722
1, 0, 88722
1, 0, 88944
2, 0, 88944
3, 0, 88944
3, 0, 89388
2, 0, 89833
3, 0, 89722
1, 0, 90055
2, 0, 90277
1, 0, 90722
1, 0, 90944
2, 0, 91166
2, 0, 91388
1, 0, 91611
1, 0, 91833
2, 0, 92055
3, 0, 92500
3, 0, 92944
3, 0, 93388
3, 0, 93611
2, 0, 93833
2, 0, 94055
1, 0, 94277
2, 0, 94722
2, 0, 94944
3, 0, 95166
3, 0, 95388
3, 0, 95611
3, 0, 95833
2, 0, 95833
1, 0, 95833
1, 0, 96055
2, 0, 96055
3, 0, 96055
1, 0, 96500
1, 0, 96833
2, 0, 96944
2, 0, 97277
3, 0, 97388
1, 0, 97611
2, 0, 97833
3, 0, 98055
3, 0, 98277
3, 0, 98611
2, 0, 98722
2, 0, 98944
1, 0, 99166
1, 0, 99611
1, 0, 100055
1, 0, 100500
1, 0, 100833
2, 0, 100944
3, 0, 101166
3, 0, 101388
3, 0, 101833
2, 0, 102055
1, 0, 102277
3, 0, 102500
3, 0, 102722
3, 0, 102944
2, 0, 102944
1, 0, 102944
1, 0, 103166
2, 0, 103166
3, 0, 103166
2, 0, 103611
2, 0, 103944
2, 0, 104055
3, 0, 104277
2, 0, 104500
1, 0, 104944
1, 0, 105166
2, 0, 105388
3, 0, 105611
3, 0, 105833
2, 0, 106055
1, 0, 106277
3, 0, 106722
3, 0, 107166
3, 0, 107611
2, 0, 107833
1, 0, 108055
3, 0, 108277
1, 0, 108500
1, 0, 108944
1, 0, 109166
2, 0, 109388
2, 0, 109611
3, 0, 109833
3, 0, 110055
2, 0, 110055
1, 0, 110055
1, 0, 110277
2, 0, 110277
3, 0, 110277
3, 0, 110722
3, 0, 111055
2, 0, 111166
2, 0, 111500
1, 0, 111611
1, 0, 111833
2, 0, 112055
3, 0, 112277
3, 0, 112500
3, 0, 112833
2, 0, 112944
3, 0, 113166
1, 0, 113388
2, 0, 114277
1, 0, 114277
2, 0, 114611
1, 0, 114611
1, 0, 114722
2, 0, 114722
2, 0, 115055
1, 0, 115055
1, 0, 115166
2, 0, 115166
2, 0, 115388
3, 0, 115611
3, 0, 115833
2, 0, 116055
2, 0, 116388
3, 0, 116500
3, 0, 116722
2, 0, 116944
1, 0, 117833
2, 0, 117833
2, 0, 121388
3, 0, 121388
1, 0, 124944
3, 0, 124944
1, 0, 128500
2, 0, 128500
3, 0, 128500
1, 0, 131611

// Laser Object Ordering
// start time, end time, start position, end position
[LaserObjects]
14944, 15055, 1, 3
15166, 15277, 3, 1
15277, 15611, 1, 1
15611, 15759, 1, 3
15759, 15907, 3, 3
15907, 16055, 3, 1
16055, 16203, 1, 1
16203, 16351, 1, 3
16722, 16833, 3, 1
16833, 16944, 1, 1
16944, 17055, 1, 3
17055, 17388, 3, 3
17388, 17537, 3, 1
17537, 17685, 1, 1
17685, 17833, 1, 3
17833, 17981, 3, 3
17981, 18129, 3, 1
16351, 16722, 3, 3
15055, 15166, 3, 3
18500, 18611, 8, 6
18611, 18722, 6, 6
18722, 18833, 6, 8
18833, 19166, 8, 8
19166, 19314, 8, 6
19462, 19611, 6, 8
19314, 19462, 6, 6
19759, 19907, 8, 6
19611, 19759, 8, 8
19907, 20277, 6, 6
20277, 20388, 6, 8
20388, 20500, 8, 8
20500, 20611, 8, 6
20611, 20944, 6, 6
20944, 21092, 6, 8
21240, 21388, 8, 6
21092, 21240, 8, 8
21388, 21537, 6, 6
21537, 21685, 6, 8
22055, 22166, 1, 3
22166, 22277, 3, 3
22277, 22388, 3, 1
22388, 22722, 1, 1
22722, 22870, 1, 3
22870, 23018, 3, 3
23018, 23166, 3, 1
23166, 23314, 1, 1
23314, 23462, 1, 3
23462, 23611, 3, 3
23611, 23833, 3, 3
23833, 23944, 3, 1
23944, 24055, 1, 1
24055, 24166, 1, 3
24166, 24500, 3, 3
24500, 24648, 3, 1
24648, 24796, 1, 1
24796, 24944, 1, 3
24944, 25092, 3, 3
25092, 25240, 3, 1
25611, 25722, 8, 6
25722, 25833, 6, 6
25833, 25944, 6, 8
25944, 26277, 8, 8
26277, 26425, 8, 6
26425, 26574, 6, 6
26574, 26722, 6, 8
26722, 26870, 8, 8
26870, 27018, 8, 6
27018, 27166, 6, 6
27166, 27388, 6, 6
27388, 27500, 6, 8
27500, 27611, 8, 8
27611, 27722, 8, 6
27722, 28055, 6, 6
28055, 28203, 6, 8
28203, 28351, 8, 8
28351, 28500, 8, 6
28500, 28648, 6, 6
28648, 28796, 6, 8
78944, 79055, 1, 3
79055, 79166, 3, 3
79166, 79277, 3, 1
79277, 79611, 1, 1
79611, 79759, 1, 3
79759, 79907, 3, 3
79907, 80055, 3, 1
80055, 80203, 1, 1
80203, 80351, 1, 3
80351, 80500, 3, 3
80500, 80722, 3, 3
80722, 80833, 3, 1
80833, 80944, 1, 1
80944, 81055, 1, 3
81055, 81388, 3, 3
81388, 81537, 3, 1
81537, 81685, 1, 1
81685, 81833, 1, 3
81833, 81981, 3, 3
81981, 82129, 3, 1
82500, 82611, 8, 6
82611, 82722, 6, 6
82722, 82833, 6, 8
82833, 83166, 8, 8
83166, 83314, 8, 6
83314, 83462, 6, 6
83462, 83611, 6, 8
83611, 83759, 8, 8
83759, 83907, 8, 6
83907, 84055, 6, 6
84055, 84277, 6, 6
84277, 84388, 6, 8
84388, 84500, 8, 8
84500, 84611, 8, 6
84611, 84944, 6, 6
84944, 85092, 6, 8
85092, 85833, 8, 1
117388, 117388, 1, 8
118055, 118166, 1, 3
118166, 118277, 3, 3
118277, 118388, 3, 1
118388, 118722, 1, 1
118722, 118870, 1, 3
118870, 119018, 3, 3
119018, 119166, 3, 1
119166, 119314, 1, 1
119314, 119462, 1, 3
119462, 119611, 3, 3
119611, 119833, 3, 3
119833, 119944, 3, 1
119944, 120055, 1, 1
120055, 120166, 1, 3
120166, 120500, 3, 3
120500, 120648, 3, 1
120648, 120796, 1, 1
120796, 120944, 1, 3
120944, 121092, 3, 3
121092, 121240, 3, 1
121611, 121722, 8, 6
121722, 121833, 6, 6
121833, 121944, 6, 8
121944, 122277, 8, 8
122277, 122425, 8, 6
122425, 122574, 6, 6
122574, 122722, 6, 8
122722, 122870, 8, 8
122870, 123018, 8, 6
123018, 123166, 6, 6
123166, 123388, 6, 6
123388, 123500, 6, 8
123500, 123611, 8, 8
123611, 123722, 8, 6
123722, 124055, 6, 6
124055, 124203, 6, 8
124203, 124351, 8, 8
124351, 124500, 8, 6
124500, 124648, 6, 6
124648, 124796, 6, 8
125166, 125277, 1, 3
125277, 125388, 3, 3
125388, 125500, 3, 1
125500, 125833, 1, 1
125833, 125981, 1, 3
125981, 126129, 3, 3
126129, 126277, 3, 1
126277, 126425, 1, 1
126425, 126574, 1, 3
126574, 126722, 3, 3
126722, 126944, 3, 3
126944, 127055, 3, 1
127055, 127166, 1, 1
127166, 127277, 1, 3
127277, 127611, 3, 3
127611, 127759, 3, 1
127759, 127907, 1, 1
127907, 128055, 1, 3
128055, 128203, 3, 3
128203, 128351, 3, 1
128722, 128833, 8, 6
128833, 128944, 6, 6
128944, 129055, 6, 8
129055, 129388, 8, 8
129388, 129537, 8, 6
129537, 129685, 6, 6
129685, 129833, 6, 8
129833, 129981, 8, 8
129981, 130129, 8, 6
130129, 130277, 6, 6
130277, 130500, 6, 6
130500, 130611, 6, 8
130611, 130722, 8, 8
130722, 130833, 8, 6
130833, 131166, 6, 6
131166, 131314, 6, 8
131314, 131462, 8, 8
131462, 131611, 8, 6

// Editor Breakpoint Ordering
// time, bpm, ramp
[Breakpoints]
0, 135.0, False
445, 135.0, False
136000, 135.0, False
